No;Province;City/Kab;City/Kab Name;Kec/subDistrict;Kelurahan/village;Postal Code
21000;Jawa Tengah;Kabupaten;Semarang;Banyubiru;Ngrapah;50664
21001;Jawa Tengah;Kabupaten;Semarang;Banyubiru;Rowoboni;50664
21002;Jawa Tengah;Kabupaten;Semarang;Banyubiru;Sepakung;50664
21003;Jawa Tengah;Kabupaten;Semarang;Banyubiru;Tegaron;50664
21004;Jawa Tengah;Kabupaten;Semarang;Banyubiru;Wirogomo;50664
21005;Jawa Tengah;Kabupaten;Cilacap;Bantarsari;Bantarsari;53281
21006;Jawa Tengah;Kabupaten;Cilacap;Bantarsari;Binangun;53281
21007;Jawa Tengah;Kabupaten;Cilacap;Bantarsari;Bulaksari;53281
21008;Jawa Tengah;Kabupaten;Cilacap;Bantarsari;Cikedondong;53281
21009;Jawa Tengah;Kabupaten;Cilacap;Bantarsari;Citembong;53281
21010;Jawa Tengah;Kabupaten;Cilacap;Bantarsari;Kamulyan;53281
21011;Jawa Tengah;Kabupaten;Cilacap;Bantarsari;Kedungwadas;53281
21012;Jawa Tengah;Kabupaten;Cilacap;Bantarsari;Rawajaya;53281
21013;Jawa Tengah;Kabupaten;Brebes;Bantarkawung;Bangbayang;52274
21014;Jawa Tengah;Kabupaten;Brebes;Bantarkawung;Banjarsari;52274
21015;Jawa Tengah;Kabupaten;Brebes;Bantarkawung;Bantarkawung;52274
21016;Jawa Tengah;Kabupaten;Brebes;Bantarkawung;Bantarwaru;52274
21017;Jawa Tengah;Kabupaten;Brebes;Bantarkawung;Cibentang;52274
21018;Jawa Tengah;Kabupaten;Brebes;Bantarkawung;Cinanas;52274
21019;Jawa Tengah;Kabupaten;Brebes;Bantarkawung;Ciomas;52274
21020;Jawa Tengah;Kabupaten;Brebes;Bantarkawung;Jipang;52274
21021;Jawa Tengah;Kabupaten;Brebes;Bantarkawung;Karangpari;52274
21022;Jawa Tengah;Kabupaten;Brebes;Bantarkawung;Kebandungan;52274
21023;Jawa Tengah;Kabupaten;Brebes;Bantarkawung;Legok;52274
21024;Jawa Tengah;Kabupaten;Brebes;Bantarkawung;Pangebatan;52274
21025;Jawa Tengah;Kabupaten;Brebes;Bantarkawung;Pengarasan;52274
21026;Jawa Tengah;Kabupaten;Brebes;Bantarkawung;Sindangwangi;52274
21027;Jawa Tengah;Kabupaten;Brebes;Bantarkawung;Tambakserang;52274
21028;Jawa Tengah;Kabupaten;Brebes;Bantarkawung;Telaga;52274
21029;Jawa Tengah;Kabupaten;Brebes;Bantarkawung;Terlaya;52274
21030;Jawa Tengah;Kabupaten;Brebes;Bantarkawung;Waru;52274
21031;Jawa Tengah;Kabupaten;Pemalang;Bantarbolang;Banjarsari;52352
21032;Jawa Tengah;Kabupaten;Pemalang;Bantarbolang;Bantarbolang;52352
21033;Jawa Tengah;Kabupaten;Pemalang;Bantarbolang;Glandang;52352
21034;Jawa Tengah;Kabupaten;Pemalang;Bantarbolang;Karanganyar;52352
21035;Jawa Tengah;Kabupaten;Pemalang;Bantarbolang;Kebon Gede;52352
21036;Jawa Tengah;Kabupaten;Pemalang;Bantarbolang;Kuta;52352
21037;Jawa Tengah;Kabupaten;Pemalang;Bantarbolang;Lenggerong;52352
21038;Jawa Tengah;Kabupaten;Pemalang;Bantarbolang;Pabuaran;52352
21039;Jawa Tengah;Kabupaten;Pemalang;Bantarbolang;Paguyangan;52352
21040;Jawa Tengah;Kabupaten;Pemalang;Bantarbolang;Pedagung;52352
21041;Jawa Tengah;Kabupaten;Pemalang;Bantarbolang;Pegiringan;52352
21042;Jawa Tengah;Kabupaten;Pemalang;Bantarbolang;Purana;52352
21043;Jawa Tengah;Kabupaten;Pemalang;Bantarbolang;Sambeng;52352
21044;Jawa Tengah;Kabupaten;Pemalang;Bantarbolang;Sarwodadi;52352
21045;Jawa Tengah;Kabupaten;Pemalang;Bantarbolang;Sumurkidang;52352
21046;Jawa Tengah;Kabupaten;Pemalang;Bantarbolang;Suru;52352
21047;Jawa Tengah;Kabupaten;Pemalang;Bantarbolang;Wanarata;52352
21048;Jawa Tengah;Kabupaten;Temanggung;Bansari;Balesari;56265
21049;Jawa Tengah;Kabupaten;Temanggung;Bansari;Bansari;56265
21050;Jawa Tengah;Kabupaten;Temanggung;Bansari;Campuranom;56265
21051;Jawa Tengah;Kabupaten;Temanggung;Bansari;Candisari;56265
21052;Jawa Tengah;Kabupaten;Temanggung;Bansari;Gentingsari;56265
21053;Jawa Tengah;Kabupaten;Temanggung;Bansari;Gunungsari;56265
21054;Jawa Tengah;Kabupaten;Temanggung;Bansari;Mojosari;56265
21055;Jawa Tengah;Kabupaten;Temanggung;Bansari;Mranggen Kidul;56265
21056;Jawa Tengah;Kabupaten;Temanggung;Bansari;Mranggen Tengah;56265
21057;Jawa Tengah;Kabupaten;Temanggung;Bansari;Purborejo;56265
21058;Jawa Tengah;Kabupaten;Temanggung;Bansari;Rejosari;56265
21059;Jawa Tengah;Kabupaten;Temanggung;Bansari;Tanurejo;56265
21060;Jawa Tengah;Kabupaten;Temanggung;Bansari;Tlogowero;56265
21061;Jawa Tengah;Kota;Surakarta;Banjarsari;Banyuanyar;57137
21062;Jawa Tengah;Kota;Surakarta;Banjarsari;Gilingan;57134
21063;Jawa Tengah;Kota;Surakarta;Banjarsari;Kadipiro;57136
21064;Jawa Tengah;Kota;Surakarta;Banjarsari;Keprabon;57131
21065;Jawa Tengah;Kota;Surakarta;Banjarsari;Kestalan;57133
21066;Jawa Tengah;Kota;Surakarta;Banjarsari;Ketelan;57132
21067;Jawa Tengah;Kota;Surakarta;Banjarsari;Manahan;57139
21068;Jawa Tengah;Kota;Surakarta;Banjarsari;Mangkubumen;57139
21069;Jawa Tengah;Kota;Surakarta;Banjarsari;Nusukan;57135
21070;Jawa Tengah;Kota;Surakarta;Banjarsari;Punggawan;57132
21071;Jawa Tengah;Kota;Surakarta;Banjarsari;Setabelan;57139
21072;Jawa Tengah;Kota;Surakarta;Banjarsari;Sumber;57138
21073;Jawa Tengah;Kota;Surakarta;Banjarsari;Timuran;57131
21074;Jawa Tengah;Kabupaten;Banjarnegara;Banjarnegara;Ampelsari;53418
21075;Jawa Tengah;Kabupaten;Banjarnegara;Banjarnegara;Argasoka;53418
21076;Jawa Tengah;Kabupaten;Banjarnegara;Banjarnegara;Cendana;53418
21077;Jawa Tengah;Kabupaten;Banjarnegara;Banjarnegara;Karangtengah;53416
21078;Jawa Tengah;Kabupaten;Banjarnegara;Banjarnegara;Krandegan;53414
21079;Jawa Tengah;Kabupaten;Banjarnegara;Banjarnegara;Kuta Banjarnegara;53418
21080;Jawa Tengah;Kabupaten;Banjarnegara;Banjarnegara;Parakancanggah;53412
21081;Jawa Tengah;Kabupaten;Banjarnegara;Banjarnegara;Semampir;53418
21082;Jawa Tengah;Kabupaten;Banjarnegara;Banjarnegara;Semarang;53411
21083;Jawa Tengah;Kabupaten;Banjarnegara;Banjarnegara;Sokanandi;53413
21084;Jawa Tengah;Kabupaten;Banjarnegara;Banjarnegara;Sokayasa;53418
21085;Jawa Tengah;Kabupaten;Banjarnegara;Banjarnegara;Tlagawera;53418
21086;Jawa Tengah;Kabupaten;Banjarnegara;Banjarnegara;Wangon;53417
21087;Jawa Tengah;Kabupaten;Banjarnegara;Banjarmangu;Banjarkulon;53452
21088;Jawa Tengah;Kabupaten;Banjarnegara;Banjarmangu;Banjarmangu;53452
21089;Jawa Tengah;Kabupaten;Banjarnegara;Banjarmangu;Beji;53452
21090;Jawa Tengah;Kabupaten;Banjarnegara;Banjarmangu;Gripit;53452
21091;Jawa Tengah;Kabupaten;Banjarnegara;Banjarmangu;Jenggawur;53452
21092;Jawa Tengah;Kabupaten;Banjarnegara;Banjarmangu;Kalilunjar;53452
21093;Jawa Tengah;Kabupaten;Banjarnegara;Banjarmangu;Kendaga;53452
21094;Jawa Tengah;Kabupaten;Banjarnegara;Banjarmangu;Kesenet;53452
21095;Jawa Tengah;Kabupaten;Banjarnegara;Banjarmangu;Majatengah;53452
21096;Jawa Tengah;Kabupaten;Banjarnegara;Banjarmangu;Paseh;53452
21097;Jawa Tengah;Kabupaten;Banjarnegara;Banjarmangu;Pekandangan;53452
21098;Jawa Tengah;Kabupaten;Banjarnegara;Banjarmangu;Prendengan;53452
21099;Jawa Tengah;Kabupaten;Banjarnegara;Banjarmangu;Rejasari;53452
21100;Jawa Tengah;Kabupaten;Banjarnegara;Banjarmangu;Sigeblog;53452
21101;Jawa Tengah;Kabupaten;Banjarnegara;Banjarmangu;Sijenggung;53452
21102;Jawa Tengah;Kabupaten;Banjarnegara;Banjarmangu;Sijeruk;53452
21103;Jawa Tengah;Kabupaten;Banjarnegara;Banjarmangu;Sipedang;53452
21104;Jawa Tengah;Kabupaten;Brebes;Banjarharjo;Bandungsari;52265
21105;Jawa Tengah;Kabupaten;Brebes;Banjarharjo;Banjar Lor;52265
21106;Jawa Tengah;Kabupaten;Brebes;Banjarharjo;Banjarharjo;52265
21107;Jawa Tengah;Kabupaten;Brebes;Banjarharjo;Blandongan;52265
21108;Jawa Tengah;Kabupaten;Brebes;Banjarharjo;Ciawi;52265
21109;Jawa Tengah;Kabupaten;Brebes;Banjarharjo;Cibendung;52265
21110;Jawa Tengah;Kabupaten;Brebes;Banjarharjo;Cibuniwangi;52265
21111;Jawa Tengah;Kabupaten;Brebes;Banjarharjo;Cigadung;52265
21112;Jawa Tengah;Kabupaten;Brebes;Banjarharjo;Cihaur;52265
21113;Jawa Tengah;Kabupaten;Brebes;Banjarharjo;Cikakak;52265
21114;Jawa Tengah;Kabupaten;Brebes;Banjarharjo;Cikuya;52265
21115;Jawa Tengah;Kabupaten;Brebes;Banjarharjo;Cimunding;52265
21116;Jawa Tengah;Kabupaten;Brebes;Banjarharjo;Cipajang;52265
21117;Jawa Tengah;Kabupaten;Brebes;Banjarharjo;Dukuhjeruk;52265
21118;Jawa Tengah;Kabupaten;Brebes;Banjarharjo;Karangmaja;52265
21119;Jawa Tengah;Kabupaten;Brebes;Banjarharjo;Kertasari;52265
21120;Jawa Tengah;Kabupaten;Brebes;Banjarharjo;Kubangjero;52265
21121;Jawa Tengah;Kabupaten;Brebes;Banjarharjo;Malahayu;52265
21122;Jawa Tengah;Kabupaten;Brebes;Banjarharjo;Parireja;52265
21123;Jawa Tengah;Kabupaten;Brebes;Banjarharjo;Penanggapan;52265
21124;Jawa Tengah;Kabupaten;Brebes;Banjarharjo;Pende;52265
21125;Jawa Tengah;Kabupaten;Brebes;Banjarharjo;Sindangheula;52265
21126;Jawa Tengah;Kabupaten;Brebes;Banjarharjo;Sukareja;52265
21127;Jawa Tengah;Kabupaten;Brebes;Banjarharjo;Tegalreja;52265
21128;Jawa Tengah;Kabupaten;Brebes;Banjarharjo;Tiwulandu;52265
21129;Jawa Tengah;Kabupaten;Blora;Banjarejo;Bacem;58253
21130;Jawa Tengah;Kabupaten;Blora;Banjarejo;Balongrejo;58253
21131;Jawa Tengah;Kabupaten;Blora;Banjarejo;Balongsari;58253
21132;Jawa Tengah;Kabupaten;Blora;Banjarejo;Banjarejo;58253
21133;Jawa Tengah;Kabupaten;Blora;Banjarejo;Buluroto;58253
21134;Jawa Tengah;Kabupaten;Blora;Banjarejo;Gedongsari;58253
21135;Jawa Tengah;Kabupaten;Blora;Banjarejo;Jatiklampok;58253
21136;Jawa Tengah;Kabupaten;Blora;Banjarejo;Jatisari;58253
21137;Jawa Tengah;Kabupaten;Blora;Banjarejo;Karangtalun;58253
21138;Jawa Tengah;Kabupaten;Blora;Banjarejo;Kebonrejo;58253
21139;Jawa Tengah;Kabupaten;Blora;Banjarejo;Kembang;58253
21140;Jawa Tengah;Kabupaten;Blora;Banjarejo;Klopoduwur;58253
21141;Jawa Tengah;Kabupaten;Blora;Banjarejo;Mojowetan;58253
21142;Jawa Tengah;Kabupaten;Blora;Banjarejo;Plosorejo;58253
21143;Jawa Tengah;Kabupaten;Blora;Banjarejo;Sembongin;58253
21144;Jawa Tengah;Kabupaten;Blora;Banjarejo;Sendanggayam;58253
21145;Jawa Tengah;Kabupaten;Blora;Banjarejo;Sendangwungu;58253
21146;Jawa Tengah;Kabupaten;Blora;Banjarejo;Sidomulyo;58253
21147;Jawa Tengah;Kabupaten;Blora;Banjarejo;Sumberagung;58253
21148;Jawa Tengah;Kabupaten;Blora;Banjarejo;Wonosemi;58253
21149;Jawa Tengah;Kabupaten;Jepara;Bangsri;Bangsri;59453
21150;Jawa Tengah;Kabupaten;Jepara;Bangsri;Banjar Agung;59453
21151;Jawa Tengah;Kabupaten;Jepara;Bangsri;Banjaran;59453
21152;Jawa Tengah;Kabupaten;Jepara;Bangsri;Bondo;59453
21153;Jawa Tengah;Kabupaten;Jepara;Bangsri;Guyangan;59453
21154;Jawa Tengah;Kabupaten;Jepara;Bangsri;Jerukwangi;59453
21155;Jawa Tengah;Kabupaten;Jepara;Bangsri;Kedungleper;59453
21156;Jawa Tengah;Kabupaten;Jepara;Bangsri;Kepuk;59453
21157;Jawa Tengah;Kabupaten;Jepara;Bangsri;Papasan;59453
21158;Jawa Tengah;Kabupaten;Jepara;Bangsri;Srikandang;59453
21159;Jawa Tengah;Kabupaten;Jepara;Bangsri;Tengguli;59453
21160;Jawa Tengah;Kabupaten;Jepara;Bangsri;Wedelan;59453
21161;Jawa Tengah;Kabupaten;Semarang;Bandungan;Bandungan;50614
21162;Jawa Tengah;Kabupaten;Semarang;Bandungan;Banyukuning;50663
21163;Jawa Tengah;Kabupaten;Semarang;Bandungan;Candi;50614
21164;Jawa Tengah;Kabupaten;Semarang;Bandungan;Duren;50614
21165;Jawa Tengah;Kabupaten;Semarang;Bandungan;Jetis;50614
21166;Jawa Tengah;Kabupaten;Semarang;Bandungan;Jimbaran;50661
21167;Jawa Tengah;Kabupaten;Semarang;Bandungan;Kenteng;50614
21168;Jawa Tengah;Kabupaten;Semarang;Bandungan;Mlilir;50614
21169;Jawa Tengah;Kabupaten;Semarang;Bandungan;Pakopen;50661
21170;Jawa Tengah;Kabupaten;Semarang;Bandungan;Sidomukti;50661
21171;Jawa Tengah;Kabupaten;Magelang;Bandongan;Bandongan;56151
21172;Jawa Tengah;Kabupaten;Magelang;Bandongan;Banyuwangi;56151
21173;Jawa Tengah;Kabupaten;Magelang;Bandongan;Gandusari;56151
21174;Jawa Tengah;Kabupaten;Magelang;Bandongan;Kalegen;56151
21175;Jawa Tengah;Kabupaten;Magelang;Bandongan;Kebonagung;56151
21176;Jawa Tengah;Kabupaten;Magelang;Bandongan;Kedungsari;56151
21177;Jawa Tengah;Kabupaten;Magelang;Bandongan;Ngepanrejo;56151
21178;Jawa Tengah;Kabupaten;Magelang;Bandongan;Rejosari;56151
21179;Jawa Tengah;Kabupaten;Magelang;Bandongan;Salamkanci;56151
21180;Jawa Tengah;Kabupaten;Magelang;Bandongan;Sidorejo;56151
21181;Jawa Tengah;Kabupaten;Magelang;Bandongan;Sukodadi;56151
21182;Jawa Tengah;Kabupaten;Magelang;Bandongan;Sukosari;56151
21183;Jawa Tengah;Kabupaten;Magelang;Bandongan;Tonoboyo;56151
21184;Jawa Tengah;Kabupaten;Magelang;Bandongan;Trasan;56151
21185;Jawa Tengah;Kabupaten;Batang;Bandar;Bandar;51254
21186;Jawa Tengah;Kabupaten;Batang;Bandar;Batiombo;51254
21187;Jawa Tengah;Kabupaten;Batang;Bandar;Binangun;51254
21188;Jawa Tengah;Kabupaten;Batang;Bandar;Candi;51254
21189;Jawa Tengah;Kabupaten;Batang;Bandar;Kluwih;51254
21190;Jawa Tengah;Kabupaten;Batang;Bandar;Manggis;51254
21191;Jawa Tengah;Kabupaten;Batang;Bandar;Pesalakan;51254
21192;Jawa Tengah;Kabupaten;Batang;Bandar;Pucanggading;51254
21193;Jawa Tengah;Kabupaten;Batang;Bandar;Sidayu;51254
21194;Jawa Tengah;Kabupaten;Batang;Bandar;Simpar;51254
21195;Jawa Tengah;Kabupaten;Batang;Bandar;Tambahrejo;51254
21196;Jawa Tengah;Kabupaten;Batang;Bandar;Tombo;51254
21197;Jawa Tengah;Kabupaten;Batang;Bandar;Toso;51254
21198;Jawa Tengah;Kabupaten;Batang;Bandar;Tumbrep;51254
21199;Jawa Tengah;Kabupaten;Batang;Bandar;Wonodadi;51254
21200;Jawa Tengah;Kabupaten;Batang;Bandar;Wonokerto;51254
21201;Jawa Tengah;Kabupaten;Batang;Bandar;Wonomerto;51254
21202;Jawa Tengah;Kabupaten;Batang;Bandar;Wonosegoro;51254
21203;Jawa Tengah;Kabupaten;Semarang;Bancak;Bancak;50182
21204;Jawa Tengah;Kabupaten;Semarang;Bancak;Bantal;50182
21205;Jawa Tengah;Kabupaten;Semarang;Bancak;Boto;50182
21206;Jawa Tengah;Kabupaten;Semarang;Bancak;Jlumpang;50182
21207;Jawa Tengah;Kabupaten;Semarang;Bancak;Lembu;50182
21208;Jawa Tengah;Kabupaten;Semarang;Bancak;Plumutan;50182
21209;Jawa Tengah;Kabupaten;Semarang;Bancak;Pucung;50182
21210;Jawa Tengah;Kabupaten;Semarang;Bancak;Rejosari;50125
21211;Jawa Tengah;Kabupaten;Semarang;Bancak;Wonokerto;50182
21212;Jawa Tengah;Kabupaten;Tegal;Balapulang;Balapulang Kulon;52464
21213;Jawa Tengah;Kabupaten;Tegal;Balapulang;Balapulang Wetan;52464
21214;Jawa Tengah;Kabupaten;Tegal;Balapulang;Banjar Anyar;52464
21215;Jawa Tengah;Kabupaten;Tegal;Balapulang;Batuagung;52464
21216;Jawa Tengah;Kabupaten;Tegal;Balapulang;Bukateja;52464
21217;Jawa Tengah;Kabupaten;Tegal;Balapulang;Cenggini;52464
21218;Jawa Tengah;Kabupaten;Tegal;Balapulang;Cibunar;52464
21219;Jawa Tengah;Kabupaten;Tegal;Balapulang;Cilongok;52464
21220;Jawa Tengah;Kabupaten;Tegal;Balapulang;Danareja;52464
21221;Jawa Tengah;Kabupaten;Tegal;Balapulang;Danawarih;52464
21222;Jawa Tengah;Kabupaten;Tegal;Balapulang;Harjowinangun;52464
21223;Jawa Tengah;Kabupaten;Tegal;Balapulang;Kalibakung;52464
21224;Jawa Tengah;Kabupaten;Tegal;Balapulang;Kaliwungu;52464
21225;Jawa Tengah;Kabupaten;Tegal;Balapulang;Karangjambu;52464
21226;Jawa Tengah;Kabupaten;Tegal;Balapulang;Pagerwangi;52464
21227;Jawa Tengah;Kabupaten;Tegal;Balapulang;Pamiritan;52464
21228;Jawa Tengah;Kabupaten;Tegal;Balapulang;Sangkanjaya;52464
21229;Jawa Tengah;Kabupaten;Tegal;Balapulang;Sesepan;52464
21230;Jawa Tengah;Kabupaten;Tegal;Balapulang;Tembongwah;52464
21231;Jawa Tengah;Kabupaten;Tegal;Balapulang;Wringin Jenggot;52464
21232;Jawa Tengah;Kabupaten;Sukoharjo;Baki;Bakipandeyan;57556
21233;Jawa Tengah;Kabupaten;Sukoharjo;Baki;Bentakan;57556
21234;Jawa Tengah;Kabupaten;Sukoharjo;Baki;Duwet;57556
21235;Jawa Tengah;Kabupaten;Sukoharjo;Baki;Gedongan;57556
21236;Jawa Tengah;Kabupaten;Sukoharjo;Baki;Gentan;57556
21237;Jawa Tengah;Kabupaten;Sukoharjo;Baki;Jetis;57556
21238;Jawa Tengah;Kabupaten;Sukoharjo;Baki;Kadilangu;57556
21239;Jawa Tengah;Kabupaten;Sukoharjo;Baki;Kudu;57556
21240;Jawa Tengah;Kabupaten;Sukoharjo;Baki;Mancasan;57556
21241;Jawa Tengah;Kabupaten;Sukoharjo;Baki;Menuran;57556
21242;Jawa Tengah;Kabupaten;Sukoharjo;Baki;Ngrombo;57556
21243;Jawa Tengah;Kabupaten;Sukoharjo;Baki;Purbayan;57556
21244;Jawa Tengah;Kabupaten;Sukoharjo;Baki;Siwal;57556
21245;Jawa Tengah;Kabupaten;Sukoharjo;Baki;Waru;57556
21246;Jawa Tengah;Kabupaten;Purworejo;Bagelen;Bagelen;54174
21247;Jawa Tengah;Kabupaten;Purworejo;Bagelen;Bapangsari;54174
21248;Jawa Tengah;Kabupaten;Purworejo;Bagelen;Bugel;54174
21249;Jawa Tengah;Kabupaten;Purworejo;Bagelen;Clapar;54174
21250;Jawa Tengah;Kabupaten;Purworejo;Bagelen;Dadirejo;54174
21251;Jawa Tengah;Kabupaten;Purworejo;Bagelen;Durensari;54174
21252;Jawa Tengah;Kabupaten;Purworejo;Bagelen;Hargorojo;54174
21253;Jawa Tengah;Kabupaten;Purworejo;Bagelen;Kalirejo;54174
21254;Jawa Tengah;Kabupaten;Purworejo;Bagelen;Kemanukan;54174
21255;Jawa Tengah;Kabupaten;Purworejo;Bagelen;Krendetan;54174
21256;Jawa Tengah;Kabupaten;Purworejo;Bagelen;Piji;54174
21257;Jawa Tengah;Kabupaten;Purworejo;Bagelen;Semagung;54174
21258;Jawa Tengah;Kabupaten;Purworejo;Bagelen;Semono;54174
21259;Jawa Tengah;Kabupaten;Purworejo;Bagelen;Soko;54174
21260;Jawa Tengah;Kabupaten;Purworejo;Bagelen;Sokoagung;54174
21261;Jawa Tengah;Kabupaten;Purworejo;Bagelen;Somorejo;54174
21262;Jawa Tengah;Kabupaten;Purworejo;Bagelen;Tlogokotes;54174
21263;Jawa Tengah;Kabupaten;Kudus;Bae;Bacin;59325
21264;Jawa Tengah;Kabupaten;Kudus;Bae;Bae;59327
21265;Jawa Tengah;Kabupaten;Kudus;Bae;Dersalam;59321
21266;Jawa Tengah;Kabupaten;Kudus;Bae;Gondangmanis;59327
21267;Jawa Tengah;Kabupaten;Kudus;Bae;Karangbener;59323
21268;Jawa Tengah;Kabupaten;Kudus;Bae;Ngembalrejo;59322
21269;Jawa Tengah;Kabupaten;Kudus;Bae;Panjang;59326
21270;Jawa Tengah;Kabupaten;Kudus;Bae;Pedawang;59324
21271;Jawa Tengah;Kabupaten;Kudus;Bae;Peganjaran;59327
21272;Jawa Tengah;Kabupaten;Kudus;Bae;Purworejo;59327
21273;Jawa Tengah;Kabupaten;Kebumen;Ayah;Argopeni;54473
21274;Jawa Tengah;Kabupaten;Kebumen;Ayah;Argosari;54473
21275;Jawa Tengah;Kabupaten;Kebumen;Ayah;Ayah;54473
21276;Jawa Tengah;Kabupaten;Kebumen;Ayah;Banjararjo;54473
21277;Jawa Tengah;Kabupaten;Kebumen;Ayah;Bulurejo;54473
21278;Jawa Tengah;Kabupaten;Kebumen;Ayah;Candirenggo;54473
21279;Jawa Tengah;Kabupaten;Kebumen;Ayah;Demangsari;54473
21280;Jawa Tengah;Kabupaten;Kebumen;Ayah;Jatijajar;54473
21281;Jawa Tengah;Kabupaten;Kebumen;Ayah;Jintung;54473
21282;Jawa Tengah;Kabupaten;Kebumen;Ayah;Kalibangkang;54473
21283;Jawa Tengah;Kabupaten;Kebumen;Ayah;Kalipoh;54473
21284;Jawa Tengah;Kabupaten;Kebumen;Ayah;Karangduwur;54473
21285;Jawa Tengah;Kabupaten;Kebumen;Ayah;Kedungweru;54473
21286;Jawa Tengah;Kabupaten;Kebumen;Ayah;Mangunweni;54473
21287;Jawa Tengah;Kabupaten;Kebumen;Ayah;Pasir;54473
21288;Jawa Tengah;Kabupaten;Kebumen;Ayah;Srati;54473
21289;Jawa Tengah;Kabupaten;Kebumen;Ayah;Tlogosari;54473
21290;Jawa Tengah;Kabupaten;Kebumen;Ayah;Watukelir;54473
21291;Jawa Tengah;Kota;Salatiga;Argomulyo;Cebongan;50736
21292;Jawa Tengah;Kota;Salatiga;Argomulyo;Kumpulrejo;50734
21293;Jawa Tengah;Kota;Salatiga;Argomulyo;Ledok;50732
21294;Jawa Tengah;Kota;Salatiga;Argomulyo;Noborejo;50736
21295;Jawa Tengah;Kota;Salatiga;Argomulyo;Randuacir;50735
21296;Jawa Tengah;Kota;Salatiga;Argomulyo;Tegalrejo;50733
21297;Jawa Tengah;Kabupaten;Boyolali;Andong;Andong;57384
21298;Jawa Tengah;Kabupaten;Boyolali;Andong;Beji;57384
21299;Jawa Tengah;Kabupaten;Boyolali;Andong;Gondang Rawe;57384
21300;Jawa Tengah;Kabupaten;Boyolali;Andong;Kacangan;57384
21301;Jawa Tengah;Kabupaten;Boyolali;Andong;Kadipaten;57384
21302;Jawa Tengah;Kabupaten;Boyolali;Andong;Kedungdowo;57384
21303;Jawa Tengah;Kabupaten;Boyolali;Andong;Kunti;57384
21304;Jawa Tengah;Kabupaten;Boyolali;Andong;Mojo;57384
21305;Jawa Tengah;Kabupaten;Boyolali;Andong;Munggur;57384
21306;Jawa Tengah;Kabupaten;Boyolali;Andong;Pakang;57384
21307;Jawa Tengah;Kabupaten;Boyolali;Andong;Pakel;57384
21308;Jawa Tengah;Kabupaten;Boyolali;Andong;Pelemrejo;57384
21309;Jawa Tengah;Kabupaten;Boyolali;Andong;Pranggong;57384
21310;Jawa Tengah;Kabupaten;Boyolali;Andong;Semawung;57384
21311;Jawa Tengah;Kabupaten;Boyolali;Andong;Sempu;57384
21312;Jawa Tengah;Kabupaten;Boyolali;Andong;Senggrong;57384
21313;Jawa Tengah;Kabupaten;Pemalang;Ampelgading;Ampelgading;52364
21314;Jawa Tengah;Kabupaten;Pemalang;Ampelgading;Banglarangan;52364
21315;Jawa Tengah;Kabupaten;Pemalang;Ampelgading;Blimbing;52364
21316;Jawa Tengah;Kabupaten;Pemalang;Ampelgading;Cibiyuk;52364
21317;Jawa Tengah;Kabupaten;Pemalang;Ampelgading;Jatirejo;52364
21318;Jawa Tengah;Kabupaten;Pemalang;Ampelgading;Karangtalok;52364
21319;Jawa Tengah;Kabupaten;Pemalang;Ampelgading;Karangtengah;52364
21320;Jawa Tengah;Kabupaten;Pemalang;Ampelgading;Kebagusan;52364
21321;Jawa Tengah;Kabupaten;Pemalang;Ampelgading;Kemuning;52364
21322;Jawa Tengah;Kabupaten;Pemalang;Ampelgading;Losari;52364
21323;Jawa Tengah;Kabupaten;Pemalang;Ampelgading;Sidokare;52364
21324;Jawa Tengah;Kabupaten;Pemalang;Ampelgading;Sokawati;52364
21325;Jawa Tengah;Kabupaten;Pemalang;Ampelgading;Tegalsari Barat;52364
21326;Jawa Tengah;Kabupaten;Pemalang;Ampelgading;Tegalsari Timur;52364
21327;Jawa Tengah;Kabupaten;Pemalang;Ampelgading;Ujunggede;52364
21328;Jawa Tengah;Kabupaten;Pemalang;Ampelgading;Wonogiri;52364
21329;Jawa Tengah;Kabupaten;Boyolali;Ampel;Banyuanyar;57352
21330;Jawa Tengah;Kabupaten;Boyolali;Ampel;Candi;57352
21331;Jawa Tengah;Kabupaten;Boyolali;Ampel;Candisari;57352
21332;Jawa Tengah;Kabupaten;Boyolali;Ampel;Gladagsari;57352
21333;Jawa Tengah;Kabupaten;Boyolali;Ampel;Gondang Slamet;57352
21334;Jawa Tengah;Kabupaten;Boyolali;Ampel;Jlarem;57352
21335;Jawa Tengah;Kabupaten;Boyolali;Ampel;Kaligentong;57352
21336;Jawa Tengah;Kabupaten;Boyolali;Ampel;Kembang;57352
21337;Jawa Tengah;Kabupaten;Boyolali;Ampel;Ngadirojo;57352
21338;Jawa Tengah;Kabupaten;Boyolali;Ampel;Ngagrong;57352
21339;Jawa Tengah;Kabupaten;Boyolali;Ampel;Ngampon;57352
21340;Jawa Tengah;Kabupaten;Boyolali;Ampel;Ngargoloko;57352
21341;Jawa Tengah;Kabupaten;Boyolali;Ampel;Ngargosari;57352
21342;Jawa Tengah;Kabupaten;Boyolali;Ampel;Ngenden;57352
21343;Jawa Tengah;Kabupaten;Boyolali;Ampel;Sampetan;57352
21344;Jawa Tengah;Kabupaten;Boyolali;Ampel;Seboto;57352
21345;Jawa Tengah;Kabupaten;Boyolali;Ampel;Selodoko;57352
21346;Jawa Tengah;Kabupaten;Boyolali;Ampel;Sidomulyo;57316
21347;Jawa Tengah;Kabupaten;Boyolali;Ampel;Tanduk;57352
21348;Jawa Tengah;Kabupaten;Boyolali;Ampel;Urutsewu;57352
21349;Jawa Tengah;Kabupaten;Semarang;Ambarawa;Baran;50614
21350;Jawa Tengah;Kabupaten;Semarang;Ambarawa;Bejalen;50614
21351;Jawa Tengah;Kabupaten;Semarang;Ambarawa;Kranggan;50613
21352;Jawa Tengah;Kabupaten;Semarang;Ambarawa;Kupang;50612
21353;Jawa Tengah;Kabupaten;Semarang;Ambarawa;Lodoyong;50611
21354;Jawa Tengah;Kabupaten;Semarang;Ambarawa;Ngampin;50614
21355;Jawa Tengah;Kabupaten;Semarang;Ambarawa;Panjang;50614
21356;Jawa Tengah;Kabupaten;Semarang;Ambarawa;Pasekan;50614
21357;Jawa Tengah;Kabupaten;Semarang;Ambarawa;Pojoksari;50614
21358;Jawa Tengah;Kabupaten;Semarang;Ambarawa;Tambakboyo;50612
21359;Jawa Tengah;Kabupaten;Kebumen;Ambal;Ambalkebrek;54392
21360;Jawa Tengah;Kabupaten;Kebumen;Ambal;Ambalkliwonan;54392
21361;Jawa Tengah;Kabupaten;Kebumen;Ambal;Ambalresmi;54392
21362;Jawa Tengah;Kabupaten;Kebumen;Ambal;Ambarwinangun;54392
21363;Jawa Tengah;Kabupaten;Kebumen;Ambal;Banjarsari;54392
21364;Jawa Tengah;Kabupaten;Kebumen;Ambal;Benerkulon;54392
21365;Jawa Tengah;Kabupaten;Kebumen;Ambal;Benerwetan;54392
21366;Jawa Tengah;Kabupaten;Kebumen;Ambal;Blengorkulon;54392
21367;Jawa Tengah;Kabupaten;Kebumen;Ambal;Blengorwetan;54392
21368;Jawa Tengah;Kabupaten;Kebumen;Ambal;Dukuhrejasari;54392
21369;Jawa Tengah;Kabupaten;Kebumen;Ambal;Entak;54392
21370;Jawa Tengah;Kabupaten;Kebumen;Ambal;Gondanglegi;54392
21371;Jawa Tengah;Kabupaten;Kebumen;Ambal;Kaibon;54392
21372;Jawa Tengah;Kabupaten;Kebumen;Ambal;Kaibonpetangkuran;54392
21373;Jawa Tengah;Kabupaten;Kebumen;Ambal;Kembangsawit;54392
21374;Jawa Tengah;Kabupaten;Kebumen;Ambal;Kenayajayan;54392
21375;Jawa Tengah;Kabupaten;Kebumen;Ambal;Kradenan;54392
21376;Jawa Tengah;Kabupaten;Kebumen;Ambal;Lajer;54392
21377;Jawa Tengah;Kabupaten;Kebumen;Ambal;Pagedangan;54392
21378;Jawa Tengah;Kabupaten;Kebumen;Ambal;Pasarsenen;54392
21379;Jawa Tengah;Kabupaten;Kebumen;Ambal;Peneket;54392
21380;Jawa Tengah;Kabupaten;Kebumen;Ambal;Plempukankembaran;54392
21381;Jawa Tengah;Kabupaten;Kebumen;Ambal;Prasutan;54392
21382;Jawa Tengah;Kabupaten;Kebumen;Ambal;Pucangan;54392
21383;Jawa Tengah;Kabupaten;Kebumen;Ambal;Sidareja;54392
21384;Jawa Tengah;Kabupaten;Kebumen;Ambal;Sidoluhur;54392
21385;Jawa Tengah;Kabupaten;Kebumen;Ambal;Sidomukti;54392
21386;Jawa Tengah;Kabupaten;Kebumen;Ambal;Sidomulyo;54392
21387;Jawa Tengah;Kabupaten;Kebumen;Ambal;Singosari;54392
21388;Jawa Tengah;Kabupaten;Kebumen;Ambal;Sinungreja;54392
21389;Jawa Tengah;Kabupaten;Kebumen;Ambal;Sumberjati;54392
21390;Jawa Tengah;Kabupaten;Kebumen;Ambal;Surobayan;54392
21391;Jawa Tengah;Kabupaten;Kebumen;Alian/Aliyan;Bojongsari;54352
21392;Jawa Tengah;Kabupaten;Kebumen;Alian/Aliyan;Jatimulyo;54352
21393;Jawa Tengah;Kabupaten;Kebumen;Alian/Aliyan;Kalijaya;54352
21394;Jawa Tengah;Kabupaten;Kebumen;Alian/Aliyan;Kaliputih;54352
21395;Jawa Tengah;Kabupaten;Kebumen;Alian/Aliyan;Kalirancang;54352
21396;Jawa Tengah;Kabupaten;Kebumen;Alian/Aliyan;Kambangsari;54352
21397;Jawa Tengah;Kabupaten;Kebumen;Alian/Aliyan;Karangkembang;54352
21398;Jawa Tengah;Kabupaten;Kebumen;Alian/Aliyan;Karangtanjung;54352
21399;Jawa Tengah;Kabupaten;Kebumen;Alian/Aliyan;Kemangguhan;54352
21400;Jawa Tengah;Kabupaten;Kebumen;Alian/Aliyan;Krakal;54352
21401;Jawa Tengah;Kabupaten;Kebumen;Alian/Aliyan;Sawangan;54352
21402;Jawa Tengah;Kabupaten;Kebumen;Alian/Aliyan;Seliling;54352
21403;Jawa Tengah;Kabupaten;Kebumen;Alian/Aliyan;Surotrunan;54352
21404;Jawa Tengah;Kabupaten;Kebumen;Alian/Aliyan;Tanuharjo;54352
21405;Jawa Tengah;Kabupaten;Kebumen;Alian/Aliyan;Tlogowulung;54352
21406;Jawa Tengah;Kabupaten;Kebumen;Alian/Aliyan;Wonokromo;54352
21407;Jawa Tengah;Kabupaten;Banyumas;Ajibarang;Ajibarang Kulon;53163
21408;Jawa Tengah;Kabupaten;Banyumas;Ajibarang;Ajibarang Wetan;53163
21409;Jawa Tengah;Kabupaten;Banyumas;Ajibarang;Banjarsari (Banjarsari Kidul);53163
21410;Jawa Tengah;Kabupaten;Banyumas;Ajibarang;Ciberung;53163
21411;Jawa Tengah;Kabupaten;Banyumas;Ajibarang;Darmakradenan;53163
21412;Jawa Tengah;Kabupaten;Banyumas;Ajibarang;Jingkang;53163
21413;Jawa Tengah;Kabupaten;Banyumas;Ajibarang;Kalibenda;53163
21414;Jawa Tengah;Kabupaten;Banyumas;Ajibarang;Karangbawang;53163
21415;Jawa Tengah;Kabupaten;Banyumas;Ajibarang;Kracak;53163
21416;Jawa Tengah;Kabupaten;Banyumas;Ajibarang;Lesmana;53163
21417;Jawa Tengah;Kabupaten;Banyumas;Ajibarang;Pancasan;53163
21418;Jawa Tengah;Kabupaten;Banyumas;Ajibarang;Pancurendang;53163
21419;Jawa Tengah;Kabupaten;Banyumas;Ajibarang;Pandansari;53163
21420;Jawa Tengah;Kabupaten;Banyumas;Ajibarang;Sawangan;53163
21421;Jawa Tengah;Kabupaten;Banyumas;Ajibarang;Tipar (Tipar Kidul);53163
21422;Jawa Tengah;Kabupaten;Tegal;Adiwerna;Adiwerna;52194
21423;Jawa Tengah;Kabupaten;Tegal;Adiwerna;Bersole;52194
21424;Jawa Tengah;Kabupaten;Tegal;Adiwerna;Gumalar;52194
21425;Jawa Tengah;Kabupaten;Tegal;Adiwerna;Harjosari Kidul;52194
21426;Jawa Tengah;Kabupaten;Tegal;Adiwerna;Harjosari Lor;52194
21427;Jawa Tengah;Kabupaten;Tegal;Adiwerna;Kalimati;52121
21428;Jawa Tengah;Kabupaten;Tegal;Adiwerna;Kaliwadas;52194
21429;Jawa Tengah;Kabupaten;Tegal;Adiwerna;Kedungsukun;52194
21430;Jawa Tengah;Kabupaten;Tegal;Adiwerna;Lemahduwur;52194
21431;Jawa Tengah;Kabupaten;Tegal;Adiwerna;Lumingser;52194
21432;Jawa Tengah;Kabupaten;Tegal;Adiwerna;Pagedangan;52194
21433;Jawa Tengah;Kabupaten;Tegal;Adiwerna;Pagiyanten;52194
21434;Jawa Tengah;Kabupaten;Tegal;Adiwerna;Pecangakan;52194
21435;Jawa Tengah;Kabupaten;Tegal;Adiwerna;Pedeslohor;52194
21436;Jawa Tengah;Kabupaten;Tegal;Adiwerna;Penarukan;52194
21437;Jawa Tengah;Kabupaten;Tegal;Adiwerna;Pesarean;52194
21438;Jawa Tengah;Kabupaten;Tegal;Adiwerna;Tembok Banjaran;52194
21439;Jawa Tengah;Kabupaten;Tegal;Adiwerna;Tembok Kidul;52194
21440;Jawa Tengah;Kabupaten;Tegal;Adiwerna;Tembok Lor;52194
21441;Jawa Tengah;Kabupaten;Tegal;Adiwerna;Tembok Luwung;52194
21442;Jawa Tengah;Kabupaten;Tegal;Adiwerna;Ujungrusi;52194
21443;Jawa Tengah;Kabupaten;Cilacap;Adipala;Adipala;53271
21444;Jawa Tengah;Kabupaten;Cilacap;Adipala;Adiraja;53271
21445;Jawa Tengah;Kabupaten;Cilacap;Adipala;Adireja Kulon;53271
21446;Jawa Tengah;Kabupaten;Cilacap;Adipala;Adireja Wetan;53271
21447;Jawa Tengah;Kabupaten;Cilacap;Adipala;Bunton;53271
21448;Jawa Tengah;Kabupaten;Cilacap;Adipala;Doplang;53271
21449;Jawa Tengah;Kabupaten;Cilacap;Adipala;Glempangpasir;53271
21450;Jawa Tengah;Kabupaten;Cilacap;Adipala;Gombolharjo;53271
21451;Jawa Tengah;Kabupaten;Cilacap;Adipala;Kalikudi;53271
21452;Jawa Tengah;Kabupaten;Cilacap;Adipala;Karanganyar;53271
21453;Jawa Tengah;Kabupaten;Cilacap;Adipala;Karangbenda;53271
21454;Jawa Tengah;Kabupaten;Cilacap;Adipala;Karangsari;53271
21455;Jawa Tengah;Kabupaten;Cilacap;Adipala;Pedasong;53271
21456;Jawa Tengah;Kabupaten;Cilacap;Adipala;Penggalang;53271
21457;Jawa Tengah;Kabupaten;Cilacap;Adipala;Welahan Wetan;53271
21458;Jawa Tengah;Kabupaten;Cilacap;Adipala;Wlahar;53271
21459;Jawa Tengah;Kabupaten;Kebumen;Adimulyo;Adikarto;54363
21460;Jawa Tengah;Kabupaten;Kebumen;Adimulyo;Adiluhur;54363
21461;Jawa Tengah;Kabupaten;Kebumen;Adimulyo;Adimulyo;54363
21462;Jawa Tengah;Kabupaten;Kebumen;Adimulyo;Arjomulyo;54363
21463;Jawa Tengah;Kabupaten;Kebumen;Adimulyo;Arjosari;54363
21464;Jawa Tengah;Kabupaten;Kebumen;Adimulyo;Banyuroto;54363
21465;Jawa Tengah;Kabupaten;Kebumen;Adimulyo;Bonjok;54363
21466;Jawa Tengah;Kabupaten;Kebumen;Adimulyo;Candi Wulan;54363
21467;Jawa Tengah;Kabupaten;Kebumen;Adimulyo;Caruban;54363
21468;Jawa Tengah;Kabupaten;Kebumen;Adimulyo;Joho;54363
21469;Jawa Tengah;Kabupaten;Kebumen;Adimulyo;Kemujan;54363
21470;Jawa Tengah;Kabupaten;Kebumen;Adimulyo;Mangunharjo;54363
21471;Jawa Tengah;Kabupaten;Kebumen;Adimulyo;Meles;54363
21472;Jawa Tengah;Kabupaten;Kebumen;Adimulyo;Pekuwon;54363
21473;Jawa Tengah;Kabupaten;Kebumen;Adimulyo;Sekarteja;54363
21474;Jawa Tengah;Kabupaten;Kebumen;Adimulyo;Sidamukti;54363
21475;Jawa Tengah;Kabupaten;Kebumen;Adimulyo;Sidamulyo;54363
21476;Jawa Tengah;Kabupaten;Kebumen;Adimulyo;Sugihwaras;54363
21477;Jawa Tengah;Kabupaten;Kebumen;Adimulyo;Tambakharjo;54363
21478;Jawa Tengah;Kabupaten;Kebumen;Adimulyo;Tegalsari;54363
21479;Jawa Tengah;Kabupaten;Kebumen;Adimulyo;Temanggal;54363
21480;Jawa Tengah;Kabupaten;Kebumen;Adimulyo;Tepakyang;54363
21481;Jawa Tengah;Kabupaten;Kebumen;Adimulyo;Wajasari;54363
21482;Jawa Timur;Kabupaten;Bangkalan;Arosbaya;Arosbaya;69151
21483;Jawa Timur;Kabupaten;Bangkalan;Arosbaya;Balung;69151
21484;Jawa Timur;Kabupaten;Bangkalan;Arosbaya;Batonaong;69151
21485;Jawa Timur;Kabupaten;Bangkalan;Arosbaya;Berbeluk;69151
21486;Jawa Timur;Kabupaten;Bangkalan;Arosbaya;Buduran;69151
21487;Jawa Timur;Kabupaten;Bangkalan;Arosbaya;Cendagah;69151
21488;Jawa Timur;Kabupaten;Bangkalan;Arosbaya;Dlemer;69151
21489;Jawa Timur;Kabupaten;Bangkalan;Arosbaya;Glagah (Glagga);69151
21490;Jawa Timur;Kabupaten;Bangkalan;Arosbaya;Karang Duwak;69151
21491;Jawa Timur;Kabupaten;Bangkalan;Arosbaya;Karang Pao;69151
21492;Jawa Timur;Kabupaten;Bangkalan;Arosbaya;Lajing;69151
21493;Jawa Timur;Kabupaten;Bangkalan;Arosbaya;Makam Agung;69151
21494;Jawa Timur;Kabupaten;Bangkalan;Arosbaya;Mangkon;69151
21495;Jawa Timur;Kabupaten;Bangkalan;Arosbaya;Ombul;69151
21496;Jawa Timur;Kabupaten;Bangkalan;Arosbaya;Pandan Lanjang;69151
21497;Jawa Timur;Kabupaten;Bangkalan;Arosbaya;Plakaran;69151
21498;Jawa Timur;Kabupaten;Bangkalan;Arosbaya;Tambegan;69151
21499;Jawa Timur;Kabupaten;Bangkalan;Arosbaya;Tengket;69151
